# [0.01 0.02 0.03 0.04 0.05 0.06 0.07 0.08 0.09 0.1  0.11 0.12 0.13 0.14
#  0.15 0.16 0.17 0.18 0.19 0.2 ]
-6.342562539874408685e+03
-6.340579869496204992e+03
-6.338597199118000390e+03
-6.336614528739796697e+03
-6.334631858361593004e+03
-6.332649187983388401e+03
-6.330666517605184708e+03
-6.328683847226981015e+03
-6.326701176848777322e+03
-6.324718506470572720e+03
-6.322735836092369027e+03
-6.320753165714165334e+03
-6.318770495335961641e+03
-6.316787824957757039e+03
-6.314805154579553346e+03
-6.312822484201349653e+03
-6.310839813823145050e+03
-6.308857143444941357e+03
-6.306874473066737664e+03
-6.304891802688533971e+03
-6.302909132310329369e+03
-6.300926461932125676e+03
-6.298943791553921983e+03
-6.296961121175718290e+03
-6.294978450797513688e+03
-6.292995780419309995e+03
-6.291013110041106302e+03
-6.289030439662901699e+03
-6.287047769284698006e+03
-6.285065098906494313e+03
-6.283082428528290620e+03
-6.281099758150086018e+03
-6.279117087771882325e+03
-6.277134417393678632e+03
-6.275151747015474939e+03
-6.273169076637270337e+03
-6.271186406259066644e+03
-6.269203735880862951e+03
-6.267221065502658348e+03
-6.265238395124454655e+03
-6.263255724746250962e+03
-6.261273054368047269e+03
-6.259290383989842667e+03
-6.257307713611638974e+03
-6.255325043233435281e+03
-6.253342372855231588e+03
-6.251359702477026985e+03
-6.249377032098823292e+03
-6.247394361720619600e+03
-6.245411691342414997e+03
-6.243429020964211304e+03
-6.241446350586007611e+03
-6.239463680207803918e+03
-6.237481009829599316e+03
-6.235498339451395623e+03
-6.233515669073191930e+03
-6.231532998694988237e+03
-6.229550328316783634e+03
-6.227567657938579941e+03
-6.225584987560376248e+03
-6.223602317182171646e+03
-6.221619646803967953e+03
-6.219636976425764260e+03
-6.217654306047560567e+03
-6.215671635669355965e+03
-6.213688965291152272e+03
-6.211706294912948579e+03
-6.209723624534744886e+03
-6.207740954156540283e+03
-6.205758283778336590e+03
-6.203775613400132897e+03
-6.201792943021928295e+03
-6.199810272643724602e+03
-6.197827602265520909e+03
-6.195844931887317216e+03
-6.193862261509112614e+03
-6.191879591130908921e+03
-6.189896920752705228e+03
-6.187914250374501535e+03
-6.185931579996296932e+03
-6.183948909618093239e+03
-6.181966239239889546e+03
-6.179983568861684944e+03
-6.178000898483481251e+03
-6.176018228105277558e+03
-6.174035557727073865e+03
-6.172052887348869262e+03
-6.170070216970665570e+03
-6.168087546592461877e+03
-6.166104876214258184e+03
-6.164122205836053581e+03
-6.162139535457849888e+03
-6.160156865079646195e+03
-6.158174194701441593e+03
-6.156191524323237900e+03
-6.154208853945034207e+03
-6.152226183566830514e+03
-6.150243513188625911e+03
-6.148260842810422218e+03
-6.146278172432218526e+03
-6.144295502054014833e+03
-6.142312831675810230e+03
-6.140330161297606537e+03
-6.138347490919402844e+03
-6.136364820541198242e+03
-6.134382150162994549e+03
-6.132399479784790856e+03
-6.130416809406587163e+03
-6.128434139028382560e+03
-6.126451468650178867e+03
-6.124468798271975174e+03
-6.122486127893771481e+03
-6.120503457515566879e+03
-6.118520787137363186e+03
-6.116538116759159493e+03
-6.114555446380954891e+03
-6.112572776002751198e+03
-6.110590105624547505e+03
-6.108607435246343812e+03
-6.106624764868139209e+03
-6.104642094489935516e+03
-6.102659424111731823e+03
-6.100676753733528130e+03
-6.098694083355323528e+03
-6.096711412977119835e+03
-6.094728742598916142e+03
-6.092746072220711540e+03
-6.090763401842507847e+03
-6.088780731464304154e+03
-6.086798061086100461e+03
-6.084815390707895858e+03
-6.082832720329692165e+03
-6.080850049951488472e+03
-6.078867379573284779e+03
-6.076884709195080177e+03
-6.074902038816876484e+03
-6.072919368438672791e+03
-6.070936698060468188e+03
-6.068954027682264496e+03
-6.066971357304060803e+03
-6.064988686925857110e+03
-6.063006016547652507e+03
-6.061023346169448814e+03
-6.059040675791245121e+03
-6.057058005413041428e+03
-6.055075335034836826e+03
-6.053092664656633133e+03
-6.051109994278429440e+03
-6.049127323900224837e+03
-6.047144653522021144e+03
-6.045161983143817451e+03
-6.043179312765613759e+03
-6.041196642387409156e+03
-6.039213972009205463e+03
-6.037231301631001770e+03
-6.035248631252798077e+03
-6.033265960874593475e+03
-6.031283290496389782e+03
-6.029300620118186089e+03
-6.027317949739981486e+03
-6.025335279361777793e+03
-6.023352608983574100e+03
-6.021369938605370407e+03
-6.019387268227165805e+03
-6.017404597848962112e+03
-6.015421927470758419e+03
-6.013439257092554726e+03
-6.011456586714350124e+03
-6.009473916336146431e+03
-6.007491245957942738e+03
-6.005508575579738135e+03
-6.003525905201534442e+03
-6.001543234823330749e+03
-5.999560564445127056e+03
-5.997577894066922454e+03
-5.995595223688718761e+03
-5.993612553310515068e+03
-5.991629882932310466e+03
-5.989647212554106773e+03
-5.987664542175903080e+03
-5.985681871797699387e+03
-5.983699201419494784e+03
-5.981716531041291091e+03
-5.979733860663087398e+03
-5.977751190284883705e+03
-5.975768519906679103e+03
-5.973785849528475410e+03
-5.971803179150271717e+03
-5.969820508772067114e+03
-5.967837838393863422e+03
-5.965855168015659729e+03
-5.963872497637456036e+03
-5.961889827259251433e+03
-5.959907156881047740e+03
-5.957924486502844047e+03
-5.955941816124640354e+03
-5.953959145746435752e+03
-5.951976475368232059e+03
-5.949993804990028366e+03
-5.948011134611823763e+03
-5.946028464233620070e+03
-5.944045793855416377e+03
-5.942063123477212685e+03
-5.940080453099008082e+03
-5.938097782720804389e+03
-5.936115112342600696e+03
-5.934132441964397003e+03
-5.932149771586192401e+03
-5.930167101207988708e+03
-5.928184430829785015e+03
-5.926201760451580412e+03
-5.924219090073376719e+03
-5.922236419695173026e+03
-5.920253749316969333e+03
-5.918271078938764731e+03
-5.916288408560561038e+03
-5.914305738182357345e+03
-5.912323067804153652e+03
-5.910340397425949050e+03
-5.908357727047745357e+03
-5.906375056669541664e+03
-5.904392386291337061e+03
-5.902409715913133368e+03
-5.900427045534929675e+03
-5.898444375156725982e+03
-5.896461704778521380e+03
-5.894479034400317687e+03
-5.892496364022113994e+03
-5.890513693643910301e+03
-5.888531023265705699e+03
-5.886548352887502006e+03
-5.884565682509298313e+03
-5.882583012131093710e+03
-5.880600341752890017e+03
-5.878617671374686324e+03
-5.876635000996482631e+03
-5.874652330618278029e+03
-5.872669660240074336e+03
-5.870686989861870643e+03
-5.868704319483666950e+03
-5.866721649105462348e+03
-5.864738978727258655e+03
-5.862756308349054962e+03
-5.860773637970850359e+03
-5.858790967592646666e+03
-5.856808297214442973e+03
-5.854825626836239280e+03
-5.852842956458034678e+03
-5.850860286079830985e+03
-5.848877615701627292e+03
-5.846894945323423599e+03
-5.844912274945218996e+03
-5.842929604567015303e+03
-5.840946934188811611e+03
-5.838964263810607008e+03
-5.836981593432403315e+03
-5.834998923054199622e+03
-5.833016252675995929e+03
-5.831033582297791327e+03
-5.829050911919587634e+03
-5.827068241541383941e+03
-5.825085571163180248e+03
-5.823102900784975645e+03
-5.821120230406771952e+03
-5.819137560028568259e+03
-5.817154889650363657e+03
-5.815172219272159964e+03
-5.813189548893956271e+03
-5.811206878515752578e+03
-5.809224208137547976e+03
-5.807241537759344283e+03
-5.805258867381140590e+03
-5.803276197002936897e+03
-5.801293526624732294e+03
-5.799310856246528601e+03
-5.797328185868324908e+03
-5.795345515490120306e+03
-5.793362845111916613e+03
-5.791380174733712920e+03
-5.789397504355509227e+03
-5.787414833977304625e+03
-5.785432163599100932e+03
-5.783449493220897239e+03
-5.781466822842693546e+03
-5.779484152464488943e+03
-5.777501482086285250e+03
-5.775518811708081557e+03
-5.773536141329876955e+03
-5.771553470951673262e+03
-5.769570800573469569e+03
-5.767588130195265876e+03
-5.765605459817061273e+03
-5.763622789438857581e+03
-5.761640119060653888e+03
-5.759657448682450195e+03
-5.757674778304245592e+03
-5.755692107926041899e+03
-5.753709437547838206e+03
-5.751726767169633604e+03
-5.749744096791429911e+03
-5.747761426413226218e+03
-5.745778756035022525e+03
-5.743796085656817922e+03
-5.741813415278614229e+03
-5.739830744900410537e+03
-5.737848074522206844e+03
-5.735865404144002241e+03
-5.733882733765798548e+03
-5.731900063387594855e+03
-5.729917393009390253e+03
-5.727934722631186560e+03
-5.725952052252982867e+03
-5.723969381874779174e+03
-5.721986711496574571e+03
-5.720004041118370878e+03
-5.718021370740167185e+03
-5.716038700361963492e+03
-5.714056029983758890e+03
-5.712073359605555197e+03
-5.710090689227351504e+03
-5.708108018849146902e+03
-5.706125348470943209e+03
-5.704142678092739516e+03
-5.702160007714535823e+03
-5.700177337336331220e+03
-5.698194666958127527e+03
-5.696211996579923834e+03
-5.694229326201720141e+03
-5.692246655823515539e+03
-5.690263985445311846e+03
-5.688281315067108153e+03
-5.686298644688903551e+03
-5.684315974310699858e+03
-5.682333303932496165e+03
-5.680350633554292472e+03
-5.678367963176087869e+03
-5.676385292797884176e+03
-5.674402622419680483e+03
-5.672419952041476790e+03
-5.670437281663272188e+03
-5.668454611285068495e+03
-5.666471940906864802e+03
-5.664489270528660199e+03
-5.662506600150456507e+03
-5.660523929772252814e+03
-5.658541259394049121e+03
-5.656558589015844518e+03
-5.654575918637640825e+03
-5.652593248259437132e+03
-5.650610577881233439e+03
-5.648627907503028837e+03
-5.646645237124825144e+03
-5.644662566746621451e+03
-5.642679896368416848e+03
-5.640697225990213155e+03
-5.638714555612009462e+03
-5.636731885233805770e+03
-5.634749214855601167e+03
-5.632766544477397474e+03
-5.630783874099193781e+03
-5.628801203720990088e+03
-5.626818533342785486e+03
-5.624835862964581793e+03
-5.622853192586378100e+03
-5.620870522208173497e+03
-5.618887851829969804e+03
-5.616905181451766111e+03
-5.614922511073562418e+03
-5.612939840695357816e+03
-5.610957170317154123e+03
-5.608974499938950430e+03
-5.606991829560746737e+03
-5.605009159182542135e+03
-5.603026488804338442e+03
-5.601043818426134749e+03
-5.599061148047930146e+03
-5.597078477669726453e+03
-5.595095807291522760e+03
-5.593113136913319067e+03
-5.591130466535114465e+03
-5.589147796156910772e+03
-5.587165125778707079e+03
-5.585182455400502477e+03
-5.583199785022298784e+03
-5.581217114644095091e+03
-5.579234444265891398e+03
-5.577251773887686795e+03
-5.575269103509483102e+03
-5.573286433131279409e+03
-5.571303762753075716e+03
-5.569321092374871114e+03
-5.567338421996667421e+03
-5.565355751618463728e+03
-5.563373081240259125e+03
-5.561390410862055433e+03
-5.559407740483851740e+03
-5.557425070105648047e+03
-5.555442399727443444e+03
-5.553459729349239751e+03
-5.551477058971036058e+03
-5.549494388592832365e+03
-5.547511718214627763e+03
-5.545529047836424070e+03
-5.543546377458220377e+03
-5.541563707080015774e+03
-5.539581036701812081e+03
-5.537598366323608388e+03
-5.535615695945404696e+03
-5.533633025567200093e+03
-5.531650355188996400e+03
-5.529667684810792707e+03
-5.527685014432589014e+03
-5.525702344054384412e+03
-5.523719673676180719e+03
-5.521737003297977026e+03
-5.519754332919772423e+03
-5.517771662541568730e+03
-5.515788992163365037e+03
-5.513806321785161344e+03
-5.511823651406956742e+03
-5.509840981028753049e+03
-5.507858310650549356e+03
-5.505875640272345663e+03
-5.503892969894141061e+03
-5.501910299515937368e+03
-5.499927629137733675e+03
-5.497944958759529072e+03
-5.495962288381325379e+03
-5.493979618003121686e+03
-5.491996947624917993e+03
-5.490014277246713391e+03
-5.488031606868509698e+03
-5.486048936490306005e+03
-5.484066266112102312e+03
-5.482083595733897710e+03
-5.480100925355694017e+03
-5.478118254977490324e+03
-5.476135584599285721e+03
-5.474152914221082028e+03
-5.472170243842878335e+03
-5.470187573464674642e+03
-5.468204903086470040e+03
-5.466222232708266347e+03
-5.464239562330062654e+03
-5.462256891951858961e+03
-5.460274221573654359e+03
-5.458291551195450666e+03
-5.456308880817246973e+03
-5.454326210439042370e+03
-5.452343540060838677e+03
-5.450360869682634984e+03
-5.448378199304431291e+03
-5.446395528926226689e+03
-5.444412858548022996e+03
-5.442430188169819303e+03
-5.440447517791615610e+03
-5.438464847413411007e+03
-5.436482177035207314e+03
-5.434499506657003622e+03
-5.432516836278799019e+03
-5.430534165900595326e+03
-5.428551495522391633e+03
-5.426568825144187940e+03
-5.424586154765983338e+03
-5.422603484387779645e+03
-5.420620814009575952e+03
-5.418638143631372259e+03
-5.416655473253167656e+03
-5.414672802874963963e+03
-5.412690132496760270e+03
-5.410707462118555668e+03
-5.408724791740351975e+03
-5.406742121362148282e+03
-5.404759450983944589e+03
-5.402776780605739987e+03
-5.400794110227536294e+03
-5.398811439849332601e+03
-5.396828769471128908e+03
-5.394846099092924305e+03
-5.392863428714720612e+03
-5.390880758336516919e+03
-5.388898087958312317e+03
-5.386915417580108624e+03
-5.384932747201904931e+03
-5.382950076823701238e+03
-5.380967406445496636e+03
-5.378984736067292943e+03
-5.377002065689089250e+03
-5.375019395310885557e+03
-5.373036724932680954e+03
-5.371054054554477261e+03
-5.369071384176273568e+03
-5.367088713798068966e+03
-5.365106043419865273e+03
-5.363123373041661580e+03
-5.361140702663457887e+03
-5.359158032285253284e+03
-5.357175361907049592e+03
-5.355192691528845899e+03
-5.353210021150642206e+03
-5.351227350772437603e+03
-5.349244680394233910e+03
-5.347262010016030217e+03
-5.345279339637825615e+03
-5.343296669259621922e+03
-5.341313998881418229e+03
-5.339331328503214536e+03
-5.337348658125009933e+03
-5.335365987746806240e+03
-5.333383317368602548e+03
-5.331400646990398855e+03
-5.329417976612194252e+03
-5.327435306233990559e+03
-5.325452635855786866e+03
-5.323469965477582264e+03
-5.321487295099378571e+03
-5.319504624721174878e+03
-5.317521954342971185e+03
-5.315539283964766582e+03
-5.313556613586562889e+03
-5.311573943208359196e+03
-5.309591272830155503e+03
-5.307608602451950901e+03
-5.305625932073747208e+03
-5.303643261695543515e+03
-5.301660591317338913e+03
-5.299677920939135220e+03
-5.297695250560931527e+03
-5.295712580182727834e+03
-5.293729909804523231e+03
-5.291747239426319538e+03
-5.289764569048115845e+03
-5.287781898669912152e+03
-5.285799228291707550e+03
-5.283816557913503857e+03
-5.281833887535300164e+03
-5.279851217157095562e+03
-5.277868546778891869e+03
-5.275885876400688176e+03
-5.273903206022484483e+03
-5.271920535644279880e+03
-5.269937865266076187e+03
-5.267955194887872494e+03
-5.265972524509668801e+03
-5.263989854131464199e+03
-5.262007183753260506e+03
-5.260024513375056813e+03
-5.258041842996852210e+03
-5.256059172618648518e+03
-5.254076502240444825e+03
-5.252093831862241132e+03
-5.250111161484036529e+03
-5.248128491105832836e+03
-5.246145820727629143e+03
-5.244163150349425450e+03
-5.242180479971220848e+03
-5.240197809593017155e+03
-5.238215139214813462e+03
-5.236232468836608859e+03
-5.234249798458405166e+03
-5.232267128080201473e+03
-5.230284457701997781e+03
-5.228301787323793178e+03
-5.226319116945589485e+03
-5.224336446567385792e+03
-5.222353776189182099e+03
-5.220371105810977497e+03
-5.218388435432773804e+03
-5.216405765054570111e+03
-5.214423094676365508e+03
-5.212440424298161815e+03
-5.210457753919958122e+03
-5.208475083541754429e+03
-5.206492413163549827e+03
-5.204509742785346134e+03
-5.202527072407142441e+03
-5.200544402028938748e+03
-5.198561731650734146e+03
-5.196579061272530453e+03
-5.194596390894326760e+03
-5.192613720516122157e+03
-5.190631050137918464e+03
-5.188648379759714771e+03
-5.186665709381511078e+03
-5.184683039003306476e+03
-5.182700368625102783e+03
-5.180717698246899090e+03
-5.178735027868695397e+03
-5.176752357490490795e+03
-5.174769687112287102e+03
-5.172787016734083409e+03
-5.170804346355878806e+03
-5.168821675977675113e+03
-5.166839005599471420e+03
-5.164856335221267727e+03
-5.162873664843063125e+03
-5.160890994464859432e+03
-5.158908324086655739e+03
-5.156925653708451136e+03
-5.154942983330247444e+03
-5.152960312952043751e+03
-5.150977642573840058e+03
-5.148994972195635455e+03
-5.147012301817431762e+03
-5.145029631439228069e+03
-5.143046961061024376e+03
-5.141064290682819774e+03
-5.139081620304616081e+03
-5.137098949926412388e+03
-5.135116279548207785e+03
-5.133133609170004092e+03
-5.131150938791800399e+03
-5.129168268413596707e+03
-5.127185598035392104e+03
-5.125202927657188411e+03
-5.123220257278984718e+03
-5.121237586900781025e+03
-5.119254916522576423e+03
-5.117272246144372730e+03
-5.115289575766169037e+03
-5.113306905387964434e+03
-5.111324235009760741e+03
-5.109341564631557048e+03
-5.107358894253353355e+03
-5.105376223875148753e+03
-5.103393553496945060e+03
-5.101410883118741367e+03
-5.099428212740537674e+03
-5.097445542362333072e+03
-5.095462871984129379e+03
-5.093480201605925686e+03
-5.091497531227721083e+03
-5.089514860849517390e+03
-5.087532190471313697e+03
-5.085549520093110004e+03
-5.083566849714905402e+03
-5.081584179336701709e+03
-5.079601508958498016e+03
-5.077618838580294323e+03
-5.075636168202089721e+03
-5.073653497823886028e+03
-5.071670827445682335e+03
-5.069688157067477732e+03
-5.067705486689274039e+03
-5.065722816311070346e+03
-5.063740145932866653e+03
-5.061757475554662051e+03
-5.059774805176458358e+03
-5.057792134798254665e+03
-5.055809464420050972e+03
-5.053826794041846370e+03
-5.051844123663642677e+03
-5.049861453285438984e+03
-5.047878782907234381e+03
-5.045896112529030688e+03
-5.043913442150826995e+03
-5.041930771772623302e+03
-5.039948101394418700e+03
-5.037965431016215007e+03
-5.035982760638011314e+03
-5.034000090259807621e+03
-5.032017419881603018e+03
-5.030034749503399325e+03
-5.028052079125195633e+03
-5.026069408746991030e+03
-5.024086738368787337e+03
-5.022104067990583644e+03
-5.020121397612379951e+03
-5.018138727234175349e+03
-5.016156056855971656e+03
-5.014173386477767963e+03
-5.012190716099564270e+03
-5.010208045721359667e+03
-5.008225375343155974e+03
-5.006242704964952281e+03
-5.004260034586747679e+03
-5.002277364208543986e+03
-5.000294693830340293e+03
-4.998312023452136600e+03
-4.996329353073931998e+03
-4.994346682695728305e+03
-4.992364012317524612e+03
-4.990381341939320919e+03
-4.988398671561116316e+03
-4.986416001182912623e+03
-4.984433330804708930e+03
-4.982450660426504328e+03
-4.980467990048300635e+03
-4.978485319670096942e+03
-4.976502649291893249e+03
-4.974519978913688647e+03
-4.972537308535484954e+03
-4.970554638157281261e+03
-4.968571967779077568e+03
-4.966589297400872965e+03
-4.964606627022669272e+03
-4.962623956644465579e+03
-4.960641286266260977e+03
-4.958658615888057284e+03
-4.956675945509853591e+03
-4.954693275131649898e+03
-4.952710604753445296e+03
-4.950727934375241603e+03
-4.948745263997037910e+03
-4.946762593618834217e+03
-4.944779923240629614e+03
-4.942797252862425921e+03
-4.940814582484222228e+03
-4.938831912106017626e+03
-4.936849241727813933e+03
-4.934866571349610240e+03
-4.932883900971406547e+03
-4.930901230593201944e+03
-4.928918560214998251e+03
-4.926935889836794559e+03
-4.924953219458590866e+03
-4.922970549080386263e+03
-4.920987878702182570e+03
-4.919005208323978877e+03
-4.917022537945774275e+03
-4.915039867567570582e+03
-4.913057197189366889e+03
-4.911074526811163196e+03
-4.909091856432958593e+03
-4.907109186054754900e+03
-4.905126515676551207e+03
-4.903143845298347514e+03
-4.901161174920142912e+03
-4.899178504541939219e+03
-4.897195834163735526e+03
-4.895213163785530924e+03
-4.893230493407327231e+03
-4.891247823029123538e+03
-4.889265152650919845e+03
-4.887282482272715242e+03
-4.885299811894511549e+03
-4.883317141516307856e+03
-4.881334471138104163e+03
-4.879351800759899561e+03
-4.877369130381695868e+03
-4.875386460003492175e+03
-4.873403789625287573e+03
-4.871421119247083880e+03
-4.869438448868880187e+03
-4.867455778490676494e+03
-4.865473108112471891e+03
-4.863490437734268198e+03
-4.861507767356064505e+03
-4.859525096977860812e+03
-4.857542426599656210e+03
-4.855559756221452517e+03
-4.853577085843248824e+03
-4.851594415465044221e+03
-4.849611745086840529e+03
-4.847629074708636836e+03
-4.845646404330433143e+03
-4.843663733952228540e+03
-4.841681063574024847e+03
-4.839698393195821154e+03
-4.837715722817617461e+03
-4.835733052439412859e+03
-4.833750382061209166e+03
-4.831767711683005473e+03
-4.829785041304800870e+03
-4.827802370926597177e+03
-4.825819700548393484e+03
-4.823837030170189792e+03
-4.821854359791985189e+03
-4.819871689413781496e+03
-4.817889019035577803e+03
-4.815906348657374110e+03
-4.813923678279169508e+03
-4.811941007900965815e+03
-4.809958337522762122e+03
-4.807975667144557519e+03
-4.805992996766353826e+03
-4.804010326388150133e+03
-4.802027656009946440e+03
-4.800044985631741838e+03
-4.798062315253538145e+03
-4.796079644875334452e+03
-4.794096974497130759e+03
-4.792114304118926157e+03
-4.790131633740722464e+03
-4.788148963362518771e+03
-4.786166292984314168e+03
-4.784183622606110475e+03
-4.782200952227906782e+03
-4.780218281849703089e+03
-4.778235611471498487e+03
-4.776252941093294794e+03
-4.774270270715091101e+03
-4.772287600336887408e+03
-4.770304929958682806e+03
-4.768322259580479113e+03
-4.766339589202275420e+03
-4.764356918824070817e+03
-4.762374248445867124e+03
-4.760391578067663431e+03
-4.758408907689459738e+03
-4.756426237311255136e+03
-4.754443566933051443e+03
-4.752460896554847750e+03
-4.750478226176643147e+03
-4.748495555798439455e+03
-4.746512885420235762e+03
-4.744530215042032069e+03
-4.742547544663827466e+03
-4.740564874285623773e+03
-4.738582203907420080e+03
-4.736599533529216387e+03
-4.734616863151011785e+03
-4.732634192772808092e+03
-4.730651522394604399e+03
-4.728668852016399796e+03
-4.726686181638196103e+03
-4.724703511259992410e+03
-4.722720840881788718e+03
-4.720738170503584115e+03
-4.718755500125380422e+03
-4.716772829747176729e+03
-4.714790159368973036e+03
-4.712807488990768434e+03
-4.710824818612564741e+03
-4.708842148234361048e+03
-4.706859477856156445e+03
-4.704876807477952752e+03
-4.702894137099749059e+03
-4.700911466721545366e+03
-4.698928796343340764e+03
-4.696946125965137071e+03
-4.694963455586933378e+03
-4.692980785208729685e+03
-4.690998114830525083e+03
-4.689015444452321390e+03
-4.687032774074117697e+03
-4.685050103695913094e+03
-4.683067433317709401e+03
-4.681084762939505708e+03
-4.679102092561302015e+03
-4.677119422183097413e+03
-4.675136751804893720e+03
-4.673154081426690027e+03
-4.671171411048486334e+03
-4.669188740670281732e+03
-4.667206070292078039e+03
-4.665223399913874346e+03
-4.663240729535669743e+03
-4.661258059157466050e+03
-4.659275388779262357e+03
-4.657292718401058664e+03
-4.655310048022854062e+03
-4.653327377644650369e+03
-4.651344707266446676e+03
-4.649362036888242983e+03
-4.647379366510038381e+03
-4.645396696131834688e+03
-4.643414025753630995e+03
-4.641431355375426392e+03
-4.639448684997222699e+03
-4.637466014619019006e+03
-4.635483344240815313e+03
-4.633500673862610711e+03
-4.631518003484407018e+03
-4.629535333106203325e+03
-4.627552662727999632e+03
-4.625569992349795029e+03
-4.623587321971591336e+03
-4.621604651593387644e+03
-4.619621981215183041e+03
-4.617639310836979348e+03
-4.615656640458775655e+03
-4.613673970080571962e+03
-4.611691299702367360e+03
-4.609708629324163667e+03
-4.607725958945959974e+03
-4.605743288567756281e+03
-4.603760618189551678e+03
-4.601777947811347985e+03
-4.599795277433144292e+03
-4.597812607054939690e+03
-4.595829936676735997e+03
-4.593847266298532304e+03
-4.591864595920328611e+03
-4.589881925542124009e+03
-4.587899255163920316e+03
-4.585916584785716623e+03
-4.583933914407512930e+03
-4.581951244029308327e+03
-4.579968573651104634e+03
-4.577985903272900941e+03
-4.576003232894696339e+03
-4.574020562516492646e+03
-4.572037892138288953e+03
-4.570055221760085260e+03
-4.568072551381880658e+03
-4.566089881003676965e+03
-4.564107210625473272e+03
-4.562124540247269579e+03
-4.560141869869064976e+03
-4.558159199490861283e+03
-4.556176529112657590e+03
-4.554193858734452988e+03
-4.552211188356249295e+03
-4.550228517978045602e+03
-4.548245847599841909e+03
-4.546263177221637307e+03
-4.544280506843433614e+03
-4.542297836465229921e+03
-4.540315166087026228e+03
-4.538332495708821625e+03
-4.536349825330617932e+03
-4.534367154952414239e+03
-4.532384484574209637e+03
-4.530401814196005944e+03
-4.528419143817802251e+03
-4.526436473439598558e+03
-4.524453803061393955e+03
-4.522471132683190262e+03
-4.520488462304986570e+03
-4.518505791926782877e+03
-4.516523121548578274e+03
-4.514540451170374581e+03
-4.512557780792170888e+03
-4.510575110413966286e+03
-4.508592440035762593e+03
-4.506609769657558900e+03
-4.504627099279355207e+03
-4.502644428901150604e+03
-4.500661758522946911e+03
-4.498679088144743218e+03
-4.496696417766539525e+03
-4.494713747388334923e+03
-4.492731077010131230e+03
-4.490748406631927537e+03
-4.488765736253722935e+03
-4.486783065875519242e+03
-4.484800395497315549e+03
-4.482817725119111856e+03
-4.480835054740907253e+03
-4.478852384362703560e+03
-4.476869713984499867e+03
-4.474887043606296174e+03
-4.472904373228091572e+03
-4.470921702849887879e+03
-4.468939032471684186e+03
-4.466956362093479584e+03
-4.464973691715275891e+03
-4.462991021337072198e+03
-4.461008350958868505e+03
-4.459025680580663902e+03
-4.457043010202460209e+03
-4.455060339824256516e+03
-4.453077669446052823e+03
-4.451094999067848221e+03
-4.449112328689644528e+03
-4.447129658311440835e+03
-4.445146987933236232e+03
-4.443164317555032540e+03
-4.441181647176828847e+03
-4.439198976798625154e+03
-4.437216306420420551e+03
-4.435233636042216858e+03
-4.433250965664013165e+03
-4.431268295285809472e+03
-4.429285624907604870e+03
-4.427302954529401177e+03
-4.425320284151197484e+03
-4.423337613772992881e+03
-4.421354943394789188e+03
-4.419372273016585495e+03
-4.417389602638381803e+03
-4.415406932260177200e+03
-4.413424261881973507e+03
-4.411441591503769814e+03
-4.409458921125566121e+03
-4.407476250747361519e+03
-4.405493580369157826e+03
-4.403510909990954133e+03
-4.401528239612749530e+03
-4.399545569234545837e+03
-4.397562898856342144e+03
-4.395580228478138451e+03
-4.393597558099933849e+03
-4.391614887721730156e+03
-4.389632217343526463e+03
-4.387649546965322770e+03
-4.385666876587118168e+03
-4.383684206208914475e+03
-4.381701535830710782e+03
-4.379718865452506179e+03
-4.377736195074302486e+03
-4.375753524696098793e+03
-4.373770854317895100e+03
-4.371788183939690498e+03
-4.369805513561486805e+03
-4.367822843183283112e+03
-4.365840172805079419e+03
-4.363857502426874817e+03
-4.361874832048671124e+03
-4.359892161670467431e+03
-4.357909491292262828e+03
-4.355926820914059135e+03
-4.353944150535855442e+03
-4.351961480157651749e+03
-4.349978809779447147e+03
-4.347996139401243454e+03
-4.346013469023039761e+03
-4.344030798644835158e+03
-4.342048128266631466e+03
-4.340065457888427773e+03
-4.338082787510224080e+03
-4.336100117132019477e+03
-4.334117446753815784e+03
-4.332134776375612091e+03
-4.330152105997408398e+03
-4.328169435619203796e+03
-4.326186765241000103e+03
-4.324204094862796410e+03
-4.322221424484591807e+03
-4.320238754106388114e+03
-4.318256083728184421e+03
-4.316273413349980729e+03
-4.314290742971776126e+03
-4.312308072593572433e+03
-4.310325402215368740e+03
-4.308342731837165047e+03
-4.306360061458960445e+03
-4.304377391080756752e+03
-4.302394720702553059e+03
-4.300412050324348456e+03
-4.298429379946144763e+03
-4.296446709567941070e+03
-4.294464039189737377e+03
-4.292481368811532775e+03
-4.290498698433329082e+03
-4.288516028055125389e+03
-4.286533357676921696e+03
-4.284550687298717094e+03
-4.282568016920513401e+03
-4.280585346542309708e+03
-4.278602676164105105e+03
-4.276620005785901412e+03
-4.274637335407697719e+03
-4.272654665029494026e+03
-4.270671994651289424e+03
-4.268689324273085731e+03
-4.266706653894882038e+03
-4.264723983516678345e+03
-4.262741313138473743e+03
-4.260758642760270050e+03
-4.258775972382066357e+03
-4.256793302003861754e+03
-4.254810631625658061e+03
-4.252827961247454368e+03
-4.250845290869250675e+03
-4.248862620491046073e+03
-4.246879950112842380e+03
-4.244897279734638687e+03
-4.242914609356434994e+03
-4.240931938978230392e+03
-4.238949268600026699e+03
-4.236966598221823006e+03
-4.234983927843618403e+03
-4.233001257465414710e+03
-4.231018587087211017e+03
-4.229035916709007324e+03
-4.227053246330802722e+03
-4.225070575952599029e+03
-4.223087905574395336e+03
-4.221105235196191643e+03
-4.219122564817987040e+03
-4.217139894439783347e+03
-4.215157224061579655e+03
-4.213174553683375052e+03
-4.211191883305171359e+03
-4.209209212926967666e+03
-4.207226542548763973e+03
-4.205243872170559371e+03
-4.203261201792355678e+03
-4.201278531414151985e+03
-4.199295861035948292e+03
-4.197313190657743689e+03
-4.195330520279539996e+03
-4.193347849901336303e+03
-4.191365179523131701e+03
-4.189382509144928008e+03
-4.187399838766724315e+03
-4.185417168388520622e+03
-4.183434498010316020e+03
-4.181451827632112327e+03
-4.179469157253908634e+03
-4.177486486875704941e+03
-4.175503816497500338e+03
-4.173521146119296645e+03
-4.171538475741092952e+03
-4.169555805362888350e+03
-4.167573134984684657e+03
-4.165590464606480964e+03
-4.163607794228277271e+03
-4.161625123850072669e+03
-4.159642453471868976e+03
-4.157659783093665283e+03
-4.155677112715461590e+03
-4.153694442337256987e+03
-4.151711771959053294e+03
-4.149729101580849601e+03
-4.147746431202644999e+03
-4.145763760824441306e+03
-4.143781090446237613e+03
-4.141798420068033920e+03
-4.139815749689829318e+03
-4.137833079311625625e+03
-4.135850408933421932e+03
-4.133867738555218239e+03
-4.131885068177013636e+03
-4.129902397798809943e+03
-4.127919727420606250e+03
-4.125937057042401648e+03
-4.123954386664197955e+03
-4.121971716285994262e+03
-4.119989045907790569e+03
-4.118006375529585966e+03
-4.116023705151382273e+03
-4.114041034773178581e+03
-4.112058364394974888e+03
-4.110075694016770285e+03
-4.108093023638566592e+03
-4.106110353260362899e+03
-4.104127682882158297e+03
-4.102145012503954604e+03
-4.100162342125750911e+03
-4.098179671747547218e+03
-4.096197001369342615e+03
-4.094214330991138922e+03
-4.092231660612935229e+03
-4.090248990234731082e+03
-4.088266319856527389e+03
-4.086283649478323241e+03
-4.084300979100119093e+03
-4.082318308721915400e+03
-4.080335638343711253e+03
-4.078352967965507560e+03
-4.076370297587303412e+03
-4.074387627209099719e+03
-4.072404956830895571e+03
-4.070422286452691878e+03
-4.068439616074487731e+03
-4.066456945696284038e+03
-4.064474275318079890e+03
-4.062491604939875742e+03
-4.060508934561672049e+03
-4.058526264183467902e+03
-4.056543593805264209e+03
-4.054560923427060061e+03
-4.052578253048856368e+03
-4.050595582670652220e+03
-4.048612912292448527e+03
-4.046630241914244380e+03
-4.044647571536040687e+03
-4.042664901157836539e+03
-4.040682230779632391e+03
-4.038699560401428698e+03
-4.036716890023224551e+03
-4.034734219645020858e+03
-4.032751549266816710e+03
-4.030768878888613017e+03
-4.028786208510408869e+03
-4.026803538132205176e+03
-4.024820867754001029e+03
-4.022838197375796881e+03
-4.020855526997593188e+03
-4.018872856619389040e+03
-4.016890186241185347e+03
-4.014907515862981199e+03
-4.012924845484777506e+03
-4.010942175106573359e+03
-4.008959504728369666e+03
-4.006976834350165518e+03
-4.004994163971961825e+03
-4.003011493593757677e+03
-4.001028823215553530e+03
-3.999046152837349837e+03
-3.997063482459145689e+03
-3.995080812080941996e+03
-3.993098141702737848e+03
-3.991115471324534155e+03
-3.989132800946330008e+03
-3.987150130568126315e+03
-3.985167460189922167e+03
-3.983184789811718474e+03
-3.981202119433514326e+03
-3.979219449055310179e+03
-3.977236778677106486e+03
-3.975254108298902338e+03
-3.973271437920698645e+03
-3.971288767542494497e+03
-3.969306097164290804e+03
-3.967323426786086657e+03
-3.965340756407882964e+03
-3.963358086029678816e+03
-3.961375415651475123e+03
-3.959392745273270975e+03
-3.957410074895066828e+03
-3.955427404516863135e+03
-3.953444734138658987e+03
-3.951462063760455294e+03
-3.949479393382251146e+03
-3.947496723004047453e+03
-3.945514052625843306e+03
-3.943531382247639613e+03
-3.941548711869435465e+03
-3.939566041491231772e+03
-3.937583371113027624e+03
-3.935600700734823477e+03
-3.933618030356619784e+03
-3.931635359978415636e+03
-3.929652689600211943e+03
-3.927670019222007795e+03
-3.925687348843804102e+03
-3.923704678465599955e+03
-3.921722008087396262e+03
-3.919739337709192114e+03
-3.917756667330988421e+03
-3.915773996952784273e+03
-3.913791326574580125e+03
-3.911808656196376432e+03
-3.909825985818172285e+03
-3.907843315439968592e+03
-3.905860645061764444e+03
-3.903877974683560751e+03
-3.901895304305356603e+03
-3.899912633927152910e+03
-3.897929963548948763e+03
-3.895947293170745070e+03
-3.893964622792540922e+03
-3.891981952414336774e+03
-3.889999282036133081e+03
-3.888016611657928934e+03
-3.886033941279725241e+03
-3.884051270901521093e+03
-3.882068600523317400e+03
-3.880085930145113252e+03
-3.878103259766909559e+03
-3.876120589388705412e+03
-3.874137919010501719e+03
-3.872155248632297571e+03
-3.870172578254093423e+03
-3.868189907875889730e+03
-3.866207237497685583e+03
-3.864224567119481890e+03
-3.862241896741277742e+03
-3.860259226363074049e+03
-3.858276555984869901e+03
-3.856293885606666208e+03
-3.854311215228462061e+03
-3.852328544850258368e+03
-3.850345874472054220e+03
-3.848363204093850072e+03
-3.846380533715646379e+03
-3.844397863337442232e+03
-3.842415192959238539e+03
-3.840432522581034391e+03
-3.838449852202830698e+03
-3.836467181824626550e+03
-3.834484511446422857e+03
-3.832501841068218710e+03
-3.830519170690015017e+03
-3.828536500311810869e+03
-3.826553829933606721e+03
-3.824571159555403028e+03
-3.822588489177198880e+03
-3.820605818798995188e+03
-3.818623148420791040e+03
-3.816640478042587347e+03
-3.814657807664383199e+03
-3.812675137286179506e+03
-3.810692466907975358e+03
-3.808709796529771211e+03
-3.806727126151567518e+03
-3.804744455773363370e+03
-3.802761785395159677e+03
-3.800779115016955529e+03
-3.798796444638751836e+03
-3.796813774260547689e+03
-3.794831103882343996e+03
-3.792848433504139848e+03
-3.790865763125936155e+03
-3.788883092747732007e+03
-3.786900422369527860e+03
-3.784917751991324167e+03
-3.782935081613120019e+03
-3.780952411234916326e+03
-3.778969740856712178e+03
-3.776987070478508485e+03
-3.775004400100304338e+03
-3.773021729722100645e+03
-3.771039059343896497e+03
-3.769056388965692804e+03
-3.767073718587488656e+03
-3.765091048209284509e+03
-3.763108377831080816e+03
-3.761125707452876668e+03
-3.759143037074672975e+03
-3.757160366696468827e+03
-3.755177696318265134e+03
-3.753195025940060987e+03
-3.751212355561857294e+03
-3.749229685183653146e+03
-3.747247014805449453e+03
-3.745264344427245305e+03
-3.743281674049041158e+03
-3.741299003670837465e+03
-3.739316333292633317e+03
-3.737333662914429624e+03
-3.735350992536225476e+03
-3.733368322158021783e+03
-3.731385651779817636e+03
-3.729402981401613943e+03
-3.727420311023409795e+03
-3.725437640645206102e+03
-3.723454970267001954e+03
-3.721472299888797806e+03
-3.719489629510594114e+03
-3.717506959132389966e+03
-3.715524288754186273e+03
-3.713541618375982125e+03
-3.711558947997778432e+03
-3.709576277619574284e+03
-3.707593607241370592e+03
-3.705610936863166444e+03
-3.703628266484962751e+03
-3.701645596106758603e+03
-3.699662925728554455e+03
-3.697680255350350762e+03
-3.695697584972146615e+03
-3.693714914593942922e+03
-3.691732244215738774e+03
-3.689749573837535081e+03
-3.687766903459330933e+03
-3.685784233081127240e+03
-3.683801562702923093e+03
-3.681818892324719400e+03
-3.679836221946515252e+03
-3.677853551568311104e+03
-3.675870881190107411e+03
-3.673888210811903264e+03
-3.671905540433699571e+03
-3.669922870055495423e+03
-3.667940199677291730e+03
-3.665957529299087582e+03
-3.663974858920883889e+03
-3.661992188542679742e+03
-3.660009518164476049e+03
-3.658026847786271901e+03
-3.656044177408067753e+03
-3.654061507029864060e+03
-3.652078836651659913e+03
-3.650096166273456220e+03
-3.648113495895252072e+03
-3.646130825517048379e+03
-3.644148155138844231e+03
-3.642165484760640538e+03
-3.640182814382436391e+03
-3.638200144004232698e+03
-3.636217473626028550e+03
-3.634234803247824402e+03
-3.632252132869620709e+03
-3.630269462491416562e+03
-3.628286792113212869e+03
-3.626304121735008721e+03
-3.624321451356805028e+03
-3.622338780978600880e+03
-3.620356110600397187e+03
-3.618373440222193040e+03
-3.616390769843988892e+03
-3.614408099465785199e+03
-3.612425429087581051e+03
-3.610442758709377358e+03
-3.608460088331173210e+03
-3.606477417952969518e+03
-3.604494747574765370e+03
-3.602512077196561677e+03
-3.600529406818357529e+03
-3.598546736440153836e+03
-3.596564066061949688e+03
-3.594581395683745541e+03
-3.592598725305541848e+03
-3.590616054927337700e+03
-3.588633384549134007e+03
-3.586650714170929859e+03
-3.584668043792726166e+03
-3.582685373414522019e+03
-3.580702703036318326e+03
-3.578720032658114178e+03
-3.576737362279910485e+03
-3.574754691901706337e+03
-3.572772021523502190e+03
-3.570789351145298497e+03
-3.568806680767094349e+03
-3.566824010388890656e+03
-3.564841340010686508e+03
-3.562858669632482815e+03
-3.560875999254278668e+03
-3.558893328876074975e+03
-3.556910658497870827e+03
-3.554927988119667134e+03
-3.552945317741462986e+03
-3.550962647363258839e+03
-3.548979976985055146e+03
-3.546997306606850998e+03
-3.545014636228647305e+03
-3.543031965850443157e+03
-3.541049295472239464e+03
-3.539066625094035317e+03
-3.537083954715831624e+03
-3.535101284337627476e+03
-3.533118613959423783e+03
-3.531135943581219635e+03
-3.529153273203015488e+03
-3.527170602824811795e+03
-3.525187932446607647e+03
-3.523205262068403954e+03
-3.521222591690199806e+03
-3.519239921311996113e+03
-3.517257250933791966e+03
-3.515274580555588273e+03
-3.513291910177384125e+03
-3.511309239799180432e+03
-3.509326569420976284e+03
-3.507343899042772136e+03
-3.505361228664568443e+03
-3.503378558286364296e+03
-3.501395887908160603e+03
-3.499413217529956455e+03
-3.497430547151752762e+03
-3.495447876773548614e+03
-3.493465206395344921e+03
-3.491482536017140774e+03
-3.489499865638937081e+03
-3.487517195260732933e+03
-3.485534524882528785e+03
-3.483551854504325092e+03
-3.481569184126120945e+03
-3.479586513747917252e+03
-3.477603843369713104e+03
-3.475621172991509411e+03
-3.473638502613305263e+03
-3.471655832235101570e+03
-3.469673161856897423e+03
-3.467690491478693730e+03
-3.465707821100489582e+03
-3.463725150722285434e+03
-3.461742480344081741e+03
-3.459759809965877594e+03
-3.457777139587673901e+03
-3.455794469209469753e+03
-3.453811798831266060e+03
-3.451829128453061912e+03
-3.449846458074858219e+03
-3.447863787696654072e+03
-3.445881117318450379e+03
-3.443898446940246231e+03
-3.441915776562042083e+03
-3.439933106183838390e+03
-3.437950435805634243e+03
-3.435967765427430550e+03
-3.433985095049226402e+03
-3.432002424671022709e+03
-3.430019754292818561e+03
-3.428037083914614868e+03
-3.426054413536410721e+03
-3.424071743158207028e+03
-3.422089072780002880e+03
-3.420106402401798732e+03
-3.418123732023595039e+03
-3.416141061645390891e+03
-3.414158391267187199e+03
-3.412175720888983051e+03
-3.410193050510779358e+03
-3.408210380132575210e+03
-3.406227709754371517e+03
-3.404245039376167369e+03
-3.402262368997963222e+03
-3.400279698619759529e+03
-3.398297028241555381e+03
-3.396314357863351688e+03
-3.394331687485147540e+03
-3.392349017106943847e+03
-3.390366346728739700e+03
-3.388383676350536007e+03
-3.386401005972331859e+03
-3.384418335594128166e+03
-3.382435665215924018e+03
-3.380452994837719871e+03
-3.378470324459516178e+03
-3.376487654081312030e+03
-3.374504983703108337e+03
-3.372522313324904189e+03
-3.370539642946700496e+03
-3.368556972568496349e+03
-3.366574302190292656e+03
-3.364591631812088508e+03
-3.362608961433884815e+03
-3.360626291055680667e+03
-3.358643620677476520e+03
-3.356660950299272827e+03
-3.354678279921068679e+03
-3.352695609542864986e+03
-3.350712939164660838e+03
-3.348730268786457145e+03
-3.346747598408252998e+03
-3.344764928030049305e+03
-3.342782257651845157e+03
-3.340799587273641464e+03
-3.338816916895437316e+03
-3.336834246517233169e+03
-3.334851576139029476e+03
-3.332868905760825328e+03
-3.330886235382621635e+03
-3.328903565004417487e+03
-3.326920894626213794e+03
-3.324938224248009647e+03
-3.322955553869805954e+03
-3.320972883491601806e+03
-3.318990213113398113e+03
-3.317007542735193965e+03
-3.315024872356989817e+03
-3.313042201978786125e+03
-3.311059531600581977e+03
-3.309076861222378284e+03
-3.307094190844174136e+03
-3.305111520465970443e+03
-3.303128850087766295e+03
-3.301146179709562603e+03
-3.299163509331358455e+03
-3.297180838953154762e+03
-3.295198168574950614e+03
-3.293215498196746466e+03
-3.291232827818542773e+03
-3.289250157440338626e+03
-3.287267487062134933e+03
-3.285284816683930785e+03
-3.283302146305727092e+03
-3.281319475927522944e+03
-3.279336805549319251e+03
-3.277354135171115104e+03
-3.275371464792911411e+03
-3.273388794414707263e+03
-3.271406124036503115e+03
-3.269423453658299422e+03
-3.267440783280095275e+03
-3.265458112901891582e+03
-3.263475442523687434e+03
-3.261492772145483741e+03
-3.259510101767279593e+03
-3.257527431389075900e+03
-3.255544761010871753e+03
-3.253562090632668060e+03
-3.251579420254463912e+03
-3.249596749876259764e+03
-3.247614079498056071e+03
-3.245631409119851924e+03
-3.243648738741648231e+03
-3.241666068363444083e+03
-3.239683397985240390e+03
-3.237700727607036242e+03
-3.235718057228832549e+03
-3.233735386850628402e+03
-3.231752716472424709e+03
-3.229770046094220561e+03
-3.227787375716016413e+03
-3.225804705337812720e+03
-3.223822034959608573e+03
-3.221839364581404880e+03
-3.219856694203200732e+03
-3.217874023824997039e+03
-3.215891353446792891e+03
-3.213908683068589198e+03
-3.211926012690385051e+03
-3.209943342312181358e+03
-3.207960671933977210e+03
-3.205978001555773062e+03
-3.203995331177569369e+03
-3.202012660799365221e+03
-3.200029990421161529e+03
-3.198047320042957381e+03
-3.196064649664753688e+03
-3.194081979286549540e+03
-3.192099308908345847e+03
-3.190116638530141699e+03
-3.188133968151937552e+03
-3.186151297773733859e+03
-3.184168627395529711e+03
-3.182185957017326018e+03
-3.180203286639121870e+03
-3.178220616260918177e+03
-3.176237945882714030e+03
-3.174255275504510337e+03
-3.172272605126306189e+03
-3.170289934748102496e+03
-3.168307264369898348e+03
-3.166324593991694201e+03
-3.164341923613490508e+03
-3.162359253235286360e+03
-3.160376582857082667e+03
-3.158393912478878519e+03
-3.156411242100674826e+03
-3.154428571722470679e+03
-3.152445901344266986e+03
-3.150463230966062838e+03
-3.148480560587859145e+03
-3.146497890209654997e+03
-3.144515219831450850e+03
-3.142532549453247157e+03
-3.140549879075043009e+03
-3.138567208696839316e+03
-3.136584538318635168e+03
-3.134601867940431475e+03
-3.132619197562227328e+03
-3.130636527184023635e+03
-3.128653856805819487e+03
-3.126671186427615794e+03
-3.124688516049411646e+03
-3.122705845671207499e+03
-3.120723175293003806e+03
-3.118740504914799658e+03
-3.116757834536595965e+03
-3.114775164158391817e+03
-3.112792493780188124e+03
-3.110809823401983977e+03
-3.108827153023780284e+03
-3.106844482645576136e+03
-3.104861812267372443e+03
-3.102879141889168295e+03
-3.100896471510964147e+03
-3.098913801132760454e+03
-3.096931130754556307e+03
-3.094948460376352614e+03
-3.092965789998148466e+03
-3.090983119619944773e+03
-3.089000449241740625e+03
-3.087017778863536932e+03
-3.085035108485332785e+03
-3.083052438107129092e+03
-3.081069767728924944e+03
-3.079087097350720796e+03
-3.077104426972517103e+03
-3.075121756594312956e+03
-3.073139086216109263e+03
-3.071156415837905115e+03
-3.069173745459701422e+03
-3.067191075081497274e+03
-3.065208404703293581e+03
-3.063225734325089434e+03
-3.061243063946885741e+03
-3.059260393568681593e+03
-3.057277723190477445e+03
-3.055295052812273752e+03
-3.053312382434069605e+03
-3.051329712055865912e+03
-3.049347041677661764e+03
-3.047364371299458071e+03
-3.045381700921253923e+03
-3.043399030543050230e+03
-3.041416360164846083e+03
-3.039433689786642390e+03
-3.037451019408438242e+03
-3.035468349030234094e+03
-3.033485678652030401e+03
-3.031503008273826254e+03
-3.029520337895622561e+03
-3.027537667517418413e+03
-3.025554997139214720e+03
-3.023572326761010572e+03
-3.021589656382806879e+03
-3.019606986004602732e+03
-3.017624315626399039e+03
-3.015641645248194891e+03
-3.013658974869990743e+03
-3.011676304491787050e+03
-3.009693634113582903e+03
-3.007710963735379210e+03
-3.005728293357175062e+03
-3.003745622978971369e+03
-3.001762952600767221e+03
-2.999780282222563528e+03
-2.997797611844359380e+03
-2.995814941466155233e+03
-2.993832271087951540e+03
-2.991849600709747392e+03
-2.989866930331543699e+03
-2.987884259953339551e+03
-2.985901589575135858e+03
-2.983918919196931711e+03
-2.981936248818728018e+03
-2.979953578440523870e+03
-2.977970908062320177e+03
-2.975988237684116029e+03
-2.974005567305911882e+03
-2.972022896927708189e+03
-2.970040226549504041e+03
-2.968057556171300348e+03
-2.966074885793096200e+03
-2.964092215414892507e+03
-2.962109545036688360e+03
-2.960126874658484667e+03
-2.958144204280280519e+03
-2.956161533902076826e+03
-2.954178863523872678e+03
-2.952196193145668531e+03
-2.950213522767464838e+03
-2.948230852389260690e+03
-2.946248182011056997e+03
-2.944265511632852849e+03
-2.942282841254649156e+03
-2.940300170876445009e+03
-2.938317500498241316e+03
-2.936334830120037168e+03
-2.934352159741833475e+03
-2.932369489363629327e+03
-2.930386818985425180e+03
-2.928404148607221487e+03
-2.926421478229017339e+03
-2.924438807850813646e+03
-2.922456137472609498e+03
-2.920473467094405805e+03
-2.918490796716201658e+03
-2.916508126337997965e+03
-2.914525455959793817e+03
-2.912542785581590124e+03
-2.910560115203385976e+03
-2.908577444825181828e+03
-2.906594774446978136e+03
-2.904612104068773988e+03
-2.902629433690570295e+03
-2.900646763312366147e+03
-2.898664092934162454e+03
-2.896681422555958306e+03
-2.894698752177754614e+03
-2.892716081799550466e+03
-2.890733411421346773e+03
-2.888750741043142625e+03
-2.886768070664938477e+03
-2.884785400286734784e+03
-2.882802729908530637e+03
-2.880820059530326944e+03
-2.878837389152122796e+03
-2.876854718773919103e+03
-2.874872048395714955e+03
-2.872889378017511262e+03
-2.870906707639307115e+03
-2.868924037261103422e+03
-2.866941366882899274e+03
-2.864958696504695126e+03
-2.862976026126491433e+03
-2.860993355748287286e+03
-2.859010685370083593e+03
-2.857028014991879445e+03
-2.855045344613675752e+03
-2.853062674235471604e+03
-2.851080003857267911e+03
-2.849097333479063764e+03
-2.847114663100860071e+03
-2.845131992722655923e+03
-2.843149322344451775e+03
-2.841166651966248082e+03
-2.839183981588043935e+03
-2.837201311209840242e+03
-2.835218640831636094e+03
-2.833235970453432401e+03
-2.831253300075228253e+03
-2.829270629697024560e+03
-2.827287959318820413e+03
-2.825305288940616720e+03
-2.823322618562412572e+03
-2.821339948184208424e+03
-2.819357277806004731e+03
-2.817374607427800584e+03
-2.815391937049596891e+03
-2.813409266671392743e+03
-2.811426596293189050e+03
-2.809443925914984902e+03
-2.807461255536781209e+03
-2.805478585158577062e+03
-2.803495914780373369e+03
-2.801513244402169221e+03
-2.799530574023965073e+03
-2.797547903645761380e+03
-2.795565233267557232e+03
-2.793582562889353540e+03
-2.791599892511149392e+03
-2.789617222132945699e+03
-2.787634551754741551e+03
-2.785651881376537858e+03
-2.783669210998333710e+03
-2.781686540620129563e+03
-2.779703870241925870e+03
-2.777721199863721722e+03
-2.775738529485518029e+03
-2.773755859107313881e+03
-2.771773188729110188e+03
-2.769790518350906041e+03
-2.767807847972702348e+03
-2.765825177594498200e+03
-2.763842507216294507e+03
-2.761859836838090359e+03
-2.759877166459886212e+03
-2.757894496081682519e+03
-2.755911825703478371e+03
-2.753929155325274678e+03
-2.751946484947070530e+03
-2.749963814568866837e+03
-2.747981144190662690e+03
-2.745998473812458997e+03
-2.744015803434254849e+03
-2.742033133056051156e+03
-2.740050462677847008e+03
-2.738067792299642861e+03
-2.736085121921439168e+03
-2.734102451543235020e+03
-2.732119781165031327e+03
-2.730137110786827179e+03
-2.728154440408623486e+03
-2.726171770030419339e+03
-2.724189099652215646e+03
-2.722206429274011498e+03
-2.720223758895807805e+03
-2.718241088517603657e+03
-2.716258418139399510e+03
-2.714275747761195817e+03
-2.712293077382991669e+03
-2.710310407004787976e+03
-2.708327736626583828e+03
-2.706345066248380135e+03
-2.704362395870175988e+03
-2.702379725491972295e+03
-2.700397055113768147e+03
-2.698414384735564454e+03
-2.696431714357360306e+03
-2.694449043979156158e+03
-2.692466373600952465e+03
-2.690483703222748318e+03
-2.688501032844544625e+03
-2.686518362466340477e+03
-2.684535692088136784e+03
-2.682553021709932636e+03
-2.680570351331728943e+03
-2.678587680953524796e+03
-2.676605010575321103e+03
-2.674622340197116955e+03
-2.672639669818912807e+03
-2.670656999440709114e+03
-2.668674329062504967e+03
-2.666691658684301274e+03
-2.664708988306097126e+03
-2.662726317927893433e+03
-2.660743647549689285e+03
-2.658760977171485592e+03
-2.656778306793281445e+03
-2.654795636415077752e+03
-2.652812966036873604e+03
-2.650830295658669456e+03
-2.648847625280465763e+03
-2.646864954902261616e+03
-2.644882284524057923e+03
-2.642899614145853775e+03
-2.640916943767650082e+03
-2.638934273389445934e+03
-2.636951603011242241e+03
-2.634968932633038094e+03
-2.632986262254834401e+03
-2.631003591876630253e+03
-2.629020921498426105e+03
-2.627038251120222412e+03
-2.625055580742018265e+03
-2.623072910363814572e+03
-2.621090239985610424e+03
-2.619107569607406731e+03
-2.617124899229202583e+03
-2.615142228850998890e+03
-2.613159558472794743e+03
-2.611176888094591050e+03
-2.609194217716386902e+03
-2.607211547338182754e+03
-2.605228876959979061e+03
-2.603246206581774914e+03
-2.601263536203571221e+03
-2.599280865825367073e+03
-2.597298195447163380e+03
-2.595315525068959232e+03
-2.593332854690755539e+03
-2.591350184312551391e+03
-2.589367513934347699e+03
-2.587384843556143551e+03
-2.585402173177939403e+03
-2.583419502799735710e+03
-2.581436832421531562e+03
-2.579454162043327869e+03
-2.577471491665123722e+03
-2.575488821286920029e+03
-2.573506150908715881e+03
-2.571523480530512188e+03
-2.569540810152308040e+03
-2.567558139774103893e+03
-2.565575469395900200e+03
-2.563592799017696052e+03
-2.561610128639492359e+03
-2.559627458261288211e+03
-2.557644787883084518e+03
-2.555662117504880371e+03
-2.553679447126676678e+03
-2.551696776748472530e+03
-2.549714106370268837e+03
-2.547731435992064689e+03
-2.545748765613860542e+03
-2.543766095235656849e+03
-2.541783424857452701e+03
-2.539800754479249008e+03
-2.537818084101044860e+03
-2.535835413722841167e+03
-2.533852743344637020e+03
-2.531870072966433327e+03
-2.529887402588229179e+03
-2.527904732210025486e+03
-2.525922061831821338e+03
-2.523939391453617191e+03
-2.521956721075413498e+03
-2.519974050697209350e+03
-2.517991380319005657e+03
-2.516008709940801509e+03
-2.514026039562597816e+03
-2.512043369184393669e+03
-2.510060698806189976e+03
-2.508078028427985828e+03
-2.506095358049782135e+03
-2.504112687671577987e+03
-2.502130017293373839e+03
-2.500147346915170147e+03
-2.498164676536965999e+03
-2.496182006158762306e+03
-2.494199335780558158e+03
-2.492216665402354465e+03
-2.490233995024150317e+03
-2.488251324645946625e+03
-2.486268654267742477e+03
-2.484285983889538784e+03
-2.482303313511334636e+03
-2.480320643133130488e+03
-2.478337972754926795e+03
-2.476355302376722648e+03
-2.474372631998518955e+03
-2.472389961620314807e+03
-2.470407291242111114e+03
-2.468424620863906966e+03
-2.466441950485703273e+03
-2.464459280107499126e+03
-2.462476609729295433e+03
-2.460493939351091285e+03
-2.458511268972887137e+03
-2.456528598594683444e+03
-2.454545928216479297e+03
-2.452563257838275604e+03
-2.450580587460071456e+03
-2.448597917081867763e+03
-2.446615246703663615e+03
-2.444632576325459922e+03
-2.442649905947255775e+03
-2.440667235569052082e+03
-2.438684565190847934e+03
-2.436701894812643786e+03
-2.434719224434440093e+03
-2.432736554056235946e+03
-2.430753883678032253e+03
-2.428771213299828105e+03
-2.426788542921624412e+03
-2.424805872543420264e+03
-2.422823202165216571e+03
-2.420840531787012424e+03
-2.418857861408808731e+03
-2.416875191030604583e+03
-2.414892520652400435e+03
-2.412909850274196742e+03
-2.410927179895992595e+03
-2.408944509517788902e+03
-2.406961839139584754e+03
-2.404979168761381061e+03
-2.402996498383176913e+03
-2.401013828004973220e+03
-2.399031157626769073e+03
-2.397048487248565380e+03
-2.395065816870361232e+03
-2.393083146492157084e+03
-2.391100476113953391e+03
-2.389117805735749243e+03
-2.387135135357545551e+03
-2.385152464979341403e+03
-2.383169794601137710e+03
-2.381187124222933562e+03
-2.379204453844729869e+03
-2.377221783466525721e+03
-2.375239113088321574e+03
-2.373256442710117881e+03
-2.371273772331913733e+03
-2.369291101953710040e+03
-2.367308431575505892e+03
-2.365325761197302199e+03
-2.363343090819098052e+03
-2.361360420440894359e+03
-2.359377750062690211e+03
-2.357395079684486518e+03
-2.355412409306282370e+03
-2.353429738928078223e+03
-2.351447068549874530e+03
-2.349464398171670382e+03
-2.347481727793466689e+03
-2.345499057415262541e+03
-2.343516387037058848e+03
-2.341533716658854701e+03
-2.339551046280651008e+03
-2.337568375902446860e+03
-2.335585705524243167e+03
-2.333603035146039019e+03
-2.331620364767834872e+03
-2.329637694389631179e+03
-2.327655024011427031e+03
-2.325672353633223338e+03
-2.323689683255019190e+03
-2.321707012876815497e+03
-2.319724342498611350e+03
-2.317741672120407657e+03
-2.315759001742203509e+03
-2.313776331363999816e+03
-2.311793660985795668e+03
-2.309810990607591521e+03
-2.307828320229387828e+03
-2.305845649851183680e+03
-2.303862979472979987e+03
-2.301880309094775839e+03
-2.299897638716572146e+03
-2.297914968338367999e+03
-2.295932297960164306e+03
-2.293949627581960158e+03
-2.291966957203756465e+03
-2.289984286825552317e+03
-2.288001616447348169e+03
-2.286018946069144476e+03
-2.284036275690940329e+03
-2.282053605312736636e+03
-2.280070934934532488e+03
-2.278088264556328795e+03
-2.276105594178124647e+03
-2.274122923799920954e+03
-2.272140253421716807e+03
-2.270157583043513114e+03
-2.268174912665308966e+03
-2.266192242287104818e+03
-2.264209571908901125e+03
-2.262226901530696978e+03
-2.260244231152493285e+03
-2.258261560774289137e+03
-2.256278890396085444e+03
-2.254296220017881296e+03
-2.252313549639677603e+03
-2.250330879261473456e+03
-2.248348208883269763e+03
-2.246365538505065615e+03
-2.244382868126861467e+03
-2.242400197748657774e+03
-2.240417527370453627e+03
-2.238434856992249934e+03
-2.236452186614045786e+03
-2.234469516235842093e+03
-2.232486845857637945e+03
-2.230504175479434252e+03
-2.228521505101230105e+03
-2.226538834723026412e+03
-2.224556164344822264e+03
-2.222573493966618116e+03
-2.220590823588414423e+03
-2.218608153210210276e+03
-2.216625482832006583e+03
-2.214642812453802435e+03
-2.212660142075598742e+03
-2.210677471697394594e+03
-2.208694801319190901e+03
-2.206712130940986754e+03
-2.204729460562783061e+03
-2.202746790184578913e+03
-2.200764119806374765e+03
-2.198781449428171072e+03
-2.196798779049966925e+03
-2.194816108671763232e+03
-2.192833438293559084e+03
-2.190850767915355391e+03
-2.188868097537151243e+03
-2.186885427158947550e+03
-2.184902756780743402e+03
-2.182920086402539710e+03
-2.180937416024335562e+03
-2.178954745646131414e+03
-2.176972075267927721e+03
-2.174989404889723573e+03
-2.173006734511519880e+03
-2.171024064133315733e+03
-2.169041393755112040e+03
-2.167058723376907892e+03
-2.165076052998704199e+03
-2.163093382620500051e+03
-2.161110712242295904e+03
-2.159128041864092211e+03
-2.157145371485888063e+03
-2.155162701107684370e+03
-2.153180030729480222e+03
-2.151197360351276529e+03
-2.149214689973072382e+03
-2.147232019594868689e+03
-2.145249349216664541e+03
-2.143266678838460848e+03
-2.141284008460256700e+03
-2.139301338082052553e+03
-2.137318667703848860e+03
-2.135335997325644712e+03
-2.133353326947441019e+03
-2.131370656569236871e+03
-2.129387986191033178e+03
-2.127405315812829031e+03
-2.125422645434625338e+03
-2.123439975056421190e+03
-2.121457304678217497e+03
-2.119474634300013349e+03
-2.117491963921809202e+03
-2.115509293543605509e+03
-2.113526623165401361e+03
-2.111543952787197668e+03
-2.109561282408993520e+03
-2.107578612030789827e+03
-2.105595941652585680e+03
-2.103613271274381987e+03
-2.101630600896177839e+03
-2.099647930517974146e+03
-2.097665260139769998e+03
-2.095682589761565850e+03
-2.093699919383362158e+03
-2.091717249005158010e+03
-2.089734578626954317e+03
-2.087751908248750169e+03
-2.085769237870546476e+03
-2.083786567492342328e+03
-2.081803897114138636e+03
-2.079821226735934488e+03
-2.077838556357730795e+03
-2.075855885979526647e+03
-2.073873215601322499e+03
-2.071890545223118806e+03
-2.069907874844914659e+03
-2.067925204466710966e+03
-2.065942534088506818e+03
-2.063959863710303125e+03
-2.061977193332098977e+03
-2.059994522953895284e+03
-2.058011852575691137e+03
-2.056029182197487444e+03
-2.054046511819283296e+03
-2.052063841441079148e+03
-2.050081171062875455e+03
-2.048098500684671308e+03
-2.046115830306467615e+03
-2.044133159928263694e+03
-2.042150489550059547e+03
-2.040167819171855626e+03
-2.038185148793651706e+03
-2.036202478415447786e+03
-2.034219808037243865e+03
-2.032237137659039945e+03
-2.030254467280836025e+03
-2.028271796902632104e+03
-2.026289126524428184e+03
-2.024306456146224264e+03
-2.022323785768020343e+03
-2.020341115389816196e+03
-2.018358445011612275e+03
-2.016375774633408355e+03
-2.014393104255204435e+03
-2.012410433877000514e+03
-2.010427763498796594e+03
-2.008445093120592674e+03
-2.006462422742388753e+03
-2.004479752364184833e+03
-2.002497081985980913e+03
-2.000514411607776765e+03
-1.998531741229572845e+03
-1.996549070851368924e+03
-1.994566400473165004e+03
-1.992583730094961084e+03
-1.990601059716757163e+03
-1.988618389338553243e+03
-1.986635718960349323e+03
-1.984653048582145402e+03
-1.982670378203941482e+03
-1.980687707825737562e+03
-1.978705037447533414e+03
-1.976722367069329493e+03
-1.974739696691125573e+03
-1.972757026312921653e+03
-1.970774355934717732e+03
-1.968791685556513812e+03
-1.966809015178309892e+03
-1.964826344800105971e+03
-1.962843674421902051e+03
-1.960861004043698131e+03
-1.958878333665494210e+03
-1.956895663287290063e+03
-1.954912992909086142e+03
-1.952930322530882222e+03
-1.950947652152678302e+03
-1.948964981774474381e+03
-1.946982311396270461e+03
-1.944999641018066541e+03
-1.943016970639862620e+03
-1.941034300261658700e+03
-1.939051629883454780e+03
-1.937068959505250859e+03
-1.935086289127046712e+03
-1.933103618748842791e+03
-1.931120948370638871e+03
-1.929138277992434951e+03
-1.927155607614231030e+03
-1.925172937236027110e+03
-1.923190266857823190e+03
-1.921207596479619269e+03
-1.919224926101415349e+03
-1.917242255723211429e+03
-1.915259585345007508e+03
-1.913276914966803361e+03
-1.911294244588599440e+03
-1.909311574210395520e+03
-1.907328903832191600e+03
-1.905346233453987679e+03
-1.903363563075783759e+03
-1.901380892697579839e+03
-1.899398222319375918e+03
-1.897415551941171998e+03
-1.895432881562968078e+03
-1.893450211184763930e+03
-1.891467540806560010e+03
-1.889484870428356089e+03
-1.887502200050152169e+03
-1.885519529671948249e+03
-1.883536859293744328e+03
-1.881554188915540408e+03
-1.879571518537336487e+03
-1.877588848159132567e+03
-1.875606177780928647e+03
-1.873623507402724726e+03
-1.871640837024520579e+03
-1.869658166646316658e+03
-1.867675496268112738e+03
-1.865692825889908818e+03
-1.863710155511704897e+03
-1.861727485133500977e+03
-1.859744814755297057e+03
-1.857762144377093136e+03
-1.855779473998889216e+03
-1.853796803620685296e+03
-1.851814133242481375e+03
-1.849831462864277228e+03
-1.847848792486073307e+03
-1.845866122107869387e+03
-1.843883451729665467e+03
-1.841900781351461546e+03
-1.839918110973257626e+03
-1.837935440595053706e+03
-1.835952770216849785e+03
-1.833970099838645865e+03
-1.831987429460441945e+03
-1.830004759082238024e+03
-1.828022088704033877e+03
-1.826039418325829956e+03
-1.824056747947626036e+03
-1.822074077569422116e+03
-1.820091407191218195e+03
-1.818108736813014275e+03
-1.816126066434810355e+03
-1.814143396056606434e+03
-1.812160725678402514e+03
-1.810178055300198594e+03
-1.808195384921994446e+03
-1.806212714543790526e+03
-1.804230044165586605e+03
-1.802247373787382685e+03
-1.800264703409178765e+03
-1.798282033030974844e+03
-1.796299362652770924e+03
-1.794316692274567004e+03
-1.792334021896363083e+03
-1.790351351518159163e+03
-1.788368681139955243e+03
-1.786386010761751095e+03
-1.784403340383547174e+03
-1.782420670005343254e+03
-1.780437999627139334e+03
-1.778455329248935413e+03
-1.776472658870731493e+03
-1.774489988492527573e+03
-1.772507318114323652e+03
-1.770524647736119732e+03
-1.768541977357915812e+03
-1.766559306979711891e+03
-1.764576636601507744e+03
-1.762593966223303823e+03
-1.760611295845099903e+03
-1.758628625466895983e+03
-1.756645955088692062e+03
-1.754663284710488142e+03
-1.752680614332284222e+03
-1.750697943954080301e+03
-1.748715273575876381e+03
-1.746732603197672461e+03
-1.744749932819468540e+03
-1.742767262441264393e+03
-1.740784592063060472e+03
-1.738801921684856552e+03
-1.736819251306652632e+03
-1.734836580928448711e+03
-1.732853910550244791e+03
-1.730871240172040871e+03
-1.728888569793836950e+03
-1.726905899415633030e+03
-1.724923229037429110e+03
-1.722940558659225189e+03
-1.720957888281021042e+03
-1.718975217902817121e+03
-1.716992547524613201e+03
-1.715009877146409281e+03
-1.713027206768205360e+03
-1.711044536390001440e+03
-1.709061866011797520e+03
-1.707079195633593599e+03
-1.705096525255389679e+03
-1.703113854877185759e+03
-1.701131184498981611e+03
-1.699148514120777691e+03
-1.697165843742573770e+03
-1.695183173364369850e+03
-1.693200502986165930e+03
-1.691217832607962009e+03
-1.689235162229758089e+03
-1.687252491851554169e+03
-1.685269821473350248e+03
-1.683287151095146328e+03
-1.681304480716942408e+03
-1.679321810338738260e+03
-1.677339139960534339e+03
-1.675356469582330419e+03
-1.673373799204126499e+03
-1.671391128825922578e+03
-1.669408458447718658e+03
-1.667425788069514738e+03
-1.665443117691310817e+03
-1.663460447313106897e+03
-1.661477776934902977e+03
-1.659495106556699056e+03
-1.657512436178494909e+03
-1.655529765800290988e+03
-1.653547095422087068e+03
-1.651564425043883148e+03
-1.649581754665679227e+03
-1.647599084287475307e+03
-1.645616413909271387e+03
-1.643633743531067466e+03
-1.641651073152863546e+03
-1.639668402774659626e+03
-1.637685732396455705e+03
-1.635703062018251558e+03
-1.633720391640047637e+03
-1.631737721261843717e+03
-1.629755050883639797e+03
-1.627772380505435876e+03
-1.625789710127231956e+03
-1.623807039749028036e+03
-1.621824369370824115e+03
-1.619841698992620195e+03
-1.617859028614416275e+03
-1.615876358236212354e+03
-1.613893687858008207e+03
-1.611911017479804286e+03
-1.609928347101600366e+03
-1.607945676723396446e+03
-1.605963006345192525e+03
-1.603980335966988605e+03
-1.601997665588784685e+03
-1.600014995210580764e+03
-1.598032324832376844e+03
-1.596049654454172924e+03
-1.594066984075968776e+03
-1.592084313697764856e+03
-1.590101643319560935e+03
-1.588118972941357015e+03
-1.586136302563153095e+03
-1.584153632184949174e+03
-1.582170961806745254e+03
-1.580188291428541334e+03
-1.578205621050337413e+03
-1.576222950672133493e+03
-1.574240280293929573e+03
-1.572257609915725425e+03
-1.570274939537521504e+03
-1.568292269159317584e+03
-1.566309598781113664e+03
-1.564326928402909743e+03
-1.562344258024705823e+03
-1.560361587646501903e+03
-1.558378917268297982e+03
-1.556396246890094062e+03
-1.554413576511890142e+03
-1.552430906133686221e+03
-1.550448235755482074e+03
-1.548465565377278153e+03
-1.546482894999074233e+03
-1.544500224620870313e+03
-1.542517554242666392e+03
-1.540534883864462472e+03
-1.538552213486258552e+03
-1.536569543108054631e+03
-1.534586872729850711e+03
-1.532604202351646791e+03
-1.530621531973442870e+03
-1.528638861595238723e+03
-1.526656191217034802e+03
-1.524673520838830882e+03
-1.522690850460626962e+03
-1.520708180082423041e+03
-1.518725509704219121e+03
-1.516742839326015201e+03
-1.514760168947811280e+03
-1.512777498569607360e+03
-1.510794828191403440e+03
-1.508812157813199519e+03
-1.506829487434995372e+03
-1.504846817056791451e+03
-1.502864146678587531e+03
-1.500881476300383611e+03
-1.498898805922179690e+03
-1.496916135543975770e+03
-1.494933465165771850e+03
-1.492950794787567929e+03
-1.490968124409364009e+03
-1.488985454031160089e+03
-1.487002783652955941e+03
-1.485020113274752021e+03
-1.483037442896548100e+03
-1.481054772518344180e+03
-1.479072102140140260e+03
-1.477089431761936339e+03
-1.475106761383732419e+03
-1.473124091005528498e+03
-1.471141420627324578e+03
-1.469158750249120658e+03
-1.467176079870916737e+03
-1.465193409492712590e+03
-1.463210739114508669e+03
-1.461228068736304749e+03
-1.459245398358100829e+03
-1.457262727979896908e+03
-1.455280057601692988e+03
-1.453297387223489068e+03
-1.451314716845285147e+03
-1.449332046467081227e+03
-1.447349376088877307e+03
-1.445366705710673386e+03
-1.443384035332469239e+03
-1.441401364954265318e+03
-1.439418694576061398e+03
-1.437436024197857478e+03
-1.435453353819653557e+03
-1.433470683441449637e+03
-1.431488013063245717e+03
-1.429505342685041796e+03
-1.427522672306837876e+03
-1.425540001928633956e+03
-1.423557331550430035e+03
-1.421574661172225888e+03
-1.419591990794021967e+03
-1.417609320415818047e+03
-1.415626650037614127e+03
-1.413643979659410206e+03
-1.411661309281206286e+03
-1.409678638903002366e+03
-1.407695968524798445e+03
-1.405713298146594525e+03
-1.403730627768390605e+03
-1.401747957390186684e+03
-1.399765287011982537e+03
-1.397782616633778616e+03
-1.395799946255574696e+03
-1.393817275877370776e+03
-1.391834605499166855e+03
-1.389851935120962935e+03
-1.387869264742759015e+03
-1.385886594364555094e+03
-1.383903923986351174e+03
-1.381921253608147254e+03
-1.379938583229943106e+03
-1.377955912851739185e+03
-1.375973242473535265e+03
-1.373990572095331345e+03
-1.372007901717127424e+03
-1.370025231338923504e+03
-1.368042560960719584e+03
-1.366059890582515663e+03
-1.364077220204311743e+03
-1.362094549826107823e+03
-1.360111879447903902e+03
-1.358129209069699755e+03
-1.356146538691495834e+03
-1.354163868313291914e+03
-1.352181197935087994e+03
-1.350198527556884073e+03
-1.348215857178680153e+03
-1.346233186800476233e+03
-1.344250516422272312e+03
-1.342267846044068392e+03
-1.340285175665864472e+03
-1.338302505287660551e+03
-1.336319834909456404e+03
-1.334337164531252483e+03
-1.332354494153048563e+03
-1.330371823774844643e+03
-1.328389153396640722e+03
-1.326406483018436802e+03
-1.324423812640232882e+03
-1.322441142262028961e+03
-1.320458471883825041e+03
-1.318475801505621121e+03
-1.316493131127417200e+03
-1.314510460749213053e+03
-1.312527790371009132e+03
-1.310545119992805212e+03
-1.308562449614601292e+03
-1.306579779236397371e+03
-1.304597108858193451e+03
-1.302614438479989531e+03
-1.300631768101785610e+03
-1.298649097723581690e+03
-1.296666427345377770e+03
-1.294683756967173849e+03
-1.292701086588969702e+03
-1.290718416210765781e+03
-1.288735745832561861e+03
-1.286753075454357941e+03
-1.284770405076154020e+03
-1.282787734697950100e+03
-1.280805064319746180e+03
-1.278822393941542259e+03
-1.276839723563338339e+03
-1.274857053185134419e+03
-1.272874382806930271e+03
-1.270891712428726350e+03
-1.268909042050522430e+03
-1.266926371672318510e+03
-1.264943701294114589e+03
-1.262961030915910669e+03
-1.260978360537706749e+03
-1.258995690159502828e+03
-1.257013019781298908e+03
-1.255030349403094988e+03
-1.253047679024891067e+03
-1.251065008646686920e+03
-1.249082338268482999e+03
-1.247099667890279079e+03
-1.245116997512075159e+03
-1.243134327133871238e+03
-1.241151656755667318e+03
-1.239168986377463398e+03
-1.237186315999259477e+03
-1.235203645621055557e+03
-1.233220975242851637e+03
-1.231238304864647716e+03
-1.229255634486443569e+03
-1.227272964108239648e+03
-1.225290293730035728e+03
-1.223307623351831808e+03
-1.221324952973627887e+03
-1.219342282595423967e+03
-1.217359612217220047e+03
-1.215376941839016126e+03
-1.213394271460812206e+03
-1.211411601082608286e+03
-1.209428930704404365e+03
-1.207446260326200218e+03
-1.205463589947996297e+03
-1.203480919569792377e+03
-1.201498249191588457e+03
-1.199515578813384536e+03
-1.197532908435180616e+03
-1.195550238056976696e+03
-1.193567567678772775e+03
-1.191584897300568855e+03
-1.189602226922364935e+03
-1.187619556544160787e+03
-1.185636886165956867e+03
-1.183654215787752946e+03
-1.181671545409549026e+03
-1.179688875031345106e+03
-1.177706204653141185e+03
-1.175723534274937265e+03
-1.173740863896733345e+03
-1.171758193518529424e+03
-1.169775523140325504e+03
-1.167792852762121584e+03
-1.165810182383917436e+03
-1.163827512005713515e+03
-1.161844841627509595e+03
-1.159862171249305675e+03
-1.157879500871101754e+03
-1.155896830492897834e+03
-1.153914160114693914e+03
-1.151931489736489993e+03
-1.149948819358286073e+03
-1.147966148980082153e+03
-1.145983478601878232e+03
-1.144000808223674085e+03
-1.142018137845470164e+03
-1.140035467467266244e+03
-1.138052797089062324e+03
-1.136070126710858403e+03
-1.134087456332654483e+03
-1.132104785954450563e+03
-1.130122115576246642e+03
-1.128139445198042722e+03
-1.126156774819838802e+03
-1.124174104441634881e+03
-1.122191434063430734e+03
-1.120208763685226813e+03
-1.118226093307022893e+03
-1.116243422928818973e+03
-1.114260752550615052e+03
-1.112278082172411132e+03
-1.110295411794207212e+03
-1.108312741416003291e+03
-1.106330071037799371e+03
-1.104347400659595451e+03
-1.102364730281391530e+03
-1.100382059903187383e+03
-1.098399389524983462e+03
-1.096416719146779542e+03
-1.094434048768575622e+03
-1.092451378390371701e+03
-1.090468708012167781e+03
-1.088486037633963861e+03
-1.086503367255759940e+03
-1.084520696877556020e+03
-1.082538026499352100e+03
-1.080555356121147952e+03
-1.078572685742944032e+03
-1.076590015364740111e+03
-1.074607344986536191e+03
-1.072624674608332271e+03
-1.070642004230128350e+03
-1.068659333851924430e+03
-1.066676663473720510e+03
-1.064693993095516589e+03
-1.062711322717312669e+03
-1.060728652339108748e+03
-1.058745981960904601e+03
-1.056763311582700680e+03
-1.054780641204496760e+03
-1.052797970826292840e+03
-1.050815300448088919e+03
-1.048832630069884999e+03
-1.046849959691681079e+03
-1.044867289313477158e+03
-1.042884618935273238e+03
-1.040901948557069318e+03
-1.038919278178865397e+03
-1.036936607800661250e+03
-1.034953937422457329e+03
-1.032971267044253409e+03
-1.030988596666049489e+03
-1.029005926287845568e+03
-1.027023255909641648e+03
-1.025040585531437728e+03
-1.023057915153233807e+03
-1.021075244775029773e+03
-1.019092574396825853e+03
-1.017109904018621933e+03
-1.015127233640418012e+03
-1.013144563262214092e+03
-1.011161892884010172e+03
-1.009179222505806138e+03
-1.007196552127602217e+03
-1.005213881749398297e+03
-1.003231211371194377e+03
-1.001248540992990456e+03
-9.992658706147864223e+02
-9.972832002365825019e+02
-9.953005298583785816e+02
-9.933178594801746613e+02
-9.913351891019707409e+02
-9.893525187237667069e+02
-9.873698483455627866e+02
-9.853871779673588662e+02
-9.834045075891549459e+02
-9.814218372109510256e+02
-9.794391668327471052e+02
-9.774564964545430712e+02
-9.754738260763391509e+02
-9.734911556981352305e+02
-9.715084853199313102e+02
-9.695258149417273899e+02
-9.675431445635233558e+02
-9.655604741853194355e+02
-9.635778038071155152e+02
-9.615951334289115948e+02
-9.596124630507076745e+02
-9.576297926725037541e+02
-9.556471222942997201e+02
-9.536644519160957998e+02
-9.516817815378918795e+02
-9.496991111596879591e+02
-9.477164407814840388e+02
-9.457337704032800048e+02
-9.437511000250760844e+02
-9.417684296468721641e+02
-9.397857592686682437e+02
-9.378030888904643234e+02
-9.358204185122602894e+02
-9.338377481340563691e+02
-9.318550777558524487e+02
-9.298724073776485284e+02
-9.278897369994446080e+02
-9.259070666212406877e+02
-9.239243962430366537e+02
-9.219417258648327334e+02
-9.199590554866288130e+02
-9.179763851084248927e+02
-9.159937147302209723e+02
-9.140110443520169383e+02
-9.120283739738130180e+02
-9.100457035956090976e+02
-9.080630332174051773e+02
-9.060803628392012570e+02
-9.040976924609972230e+02
-9.021150220827933026e+02
-9.001323517045893823e+02
-8.981496813263854619e+02
-8.961670109481815416e+02
-8.941843405699776213e+02
-8.922016701917735872e+02
-8.902189998135696669e+02
-8.882363294353657466e+02
-8.862536590571618262e+02
-8.842709886789579059e+02
-8.822883183007538719e+02
-8.803056479225499515e+02
-8.783229775443460312e+02
-8.763403071661421109e+02
-8.743576367879381905e+02
-8.723749664097342702e+02
-8.703922960315302362e+02
-8.684096256533263158e+02
-8.664269552751223955e+02
-8.644442848969184752e+02
-8.624616145187145548e+02
-8.604789441405105208e+02
-8.584962737623066005e+02
-8.565136033841026801e+02
-8.545309330058987598e+02
-8.525482626276948395e+02
-8.505655922494908054e+02
-8.485829218712868851e+02
-8.466002514930829648e+02
-8.446175811148790444e+02
-8.426349107366751241e+02
-8.406522403584712038e+02
-8.386695699802671697e+02
-8.366868996020632494e+02
-8.347042292238593291e+02
-8.327215588456554087e+02
-8.307388884674514884e+02
-8.287562180892474544e+02
-8.267735477110435340e+02
-8.247908773328396137e+02
-8.228082069546356934e+02
-8.208255365764317730e+02
-8.188428661982278527e+02
-8.168601958200238187e+02
-8.148775254418198983e+02
-8.128948550636159780e+02
-8.109121846854120577e+02
-8.089295143072081373e+02
-8.069468439290041033e+02
-8.049641735508001830e+02
-8.029815031725962626e+02
-8.009988327943923423e+02
-7.990161624161884220e+02
-7.970334920379843879e+02
-7.950508216597804676e+02
-7.930681512815765473e+02
-7.910854809033726269e+02
-7.891028105251687066e+02
-7.871201401469647863e+02
-7.851374697687607522e+02
-7.831547993905568319e+02
-7.811721290123529116e+02
-7.791894586341489912e+02
-7.772067882559450709e+02
-7.752241178777410369e+02
-7.732414474995371165e+02
-7.712587771213331962e+02
-7.692761067431292759e+02
-7.672934363649253555e+02
-7.653107659867214352e+02
-7.633280956085174012e+02
-7.613454252303134808e+02
-7.593627548521095605e+02
-7.573800844739056402e+02
-7.553974140957017198e+02
-7.534147437174976858e+02
-7.514320733392937655e+02
-7.494494029610898451e+02
-7.474667325828859248e+02
-7.454840622046820044e+02
-7.435013918264779704e+02
-7.415187214482740501e+02
-7.395360510700701298e+02
-7.375533806918662094e+02
-7.355707103136622891e+02
-7.335880399354583687e+02
-7.316053695572543347e+02
-7.296226991790504144e+02
-7.276400288008464941e+02
-7.256573584226425737e+02
-7.236746880444386534e+02
-7.216920176662346194e+02
-7.197093472880306990e+02
-7.177266769098267787e+02
-7.157440065316228583e+02
-7.137613361534189380e+02
-7.117786657752150177e+02
-7.097959953970109837e+02
-7.078133250188070633e+02
-7.058306546406031430e+02
-7.038479842623992226e+02
-7.018653138841953023e+02
-6.998826435059912683e+02
-6.978999731277873479e+02
-6.959173027495834276e+02
-6.939346323713795073e+02
-6.919519619931755869e+02
-6.899692916149715529e+02
-6.879866212367676326e+02
-6.860039508585637122e+02
-6.840212804803597919e+02
-6.820386101021558716e+02
-6.800559397239519512e+02
-6.780732693457479172e+02
-6.760905989675439969e+02
-6.741079285893400765e+02
-6.721252582111361562e+02
-6.701425878329322359e+02
-6.681599174547282018e+02
-6.661772470765242815e+02
-6.641945766983203612e+02
-6.622119063201164408e+02
-6.602292359419125205e+02
-6.582465655637086002e+02
-6.562638951855045661e+02
-6.542812248073006458e+02
-6.522985544290967255e+02
-6.503158840508928051e+02
-6.483332136726888848e+02
-6.463505432944848508e+02
-6.443678729162809304e+02
-6.423852025380770101e+02
-6.404025321598730898e+02
-6.384198617816691694e+02
-6.364371914034651354e+02
-6.344545210252612151e+02
-6.324718506470572947e+02
-6.304891802688533744e+02
-6.285065098906494541e+02
-6.265238395124455337e+02
-6.245411691342414997e+02
-6.225584987560375794e+02
-6.205758283778336590e+02
-6.185931579996297387e+02
-6.166104876214258184e+02
-6.146278172432217843e+02
-6.126451468650178640e+02
-6.106624764868139437e+02
-6.086798061086100233e+02
-6.066971357304061030e+02
-6.047144653522021827e+02
-6.027317949739981486e+02
-6.007491245957942283e+02
-5.987664542175903080e+02
-5.967837838393863876e+02
-5.948011134611824673e+02
-5.928184430829784333e+02
-5.908357727047745129e+02
-5.888531023265705926e+02
-5.868704319483666723e+02
-5.848877615701627519e+02
-5.829050911919587179e+02
-5.809224208137547976e+02
-5.789397504355508772e+02
-5.769570800573469569e+02
-5.749744096791430366e+02
-5.729917393009391162e+02
-5.710090689227350822e+02
-5.690263985445311619e+02
-5.670437281663272415e+02
-5.650610577881233212e+02
-5.630783874099194009e+02
-5.610957170317153668e+02
-5.591130466535114465e+02
-5.571303762753075262e+02
-5.551477058971036058e+02
-5.531650355188996855e+02
-5.511823651406957651e+02
-5.491996947624917311e+02
-5.472170243842878108e+02
-5.452343540060838905e+02
-5.432516836278799701e+02
-5.412690132496760498e+02
-5.392863428714720158e+02
-5.373036724932680954e+02
-5.353210021150641751e+02
-5.333383317368602548e+02
-5.313556613586563344e+02
-5.293729909804523004e+02
-5.273903206022483801e+02
-5.254076502240444597e+02
-5.234249798458405394e+02
-5.214423094676366190e+02
-5.194596390894326987e+02
-5.174769687112286647e+02
-5.154942983330247444e+02
-5.135116279548208240e+02
-5.115289575766169037e+02
-5.095462871984129265e+02
-5.075636168202090062e+02
-5.055809464420050858e+02
-5.035982760638011086e+02
-5.016156056855971883e+02
-4.996329353073932111e+02
-4.976502649291892908e+02
-4.956675945509853705e+02
-4.936849241727813933e+02
-4.917022537945774729e+02
-4.897195834163735526e+02
-4.877369130381695754e+02
-4.857542426599656551e+02
-4.837715722817616779e+02
-4.817889019035577576e+02
-4.798062315253538372e+02
-4.778235611471498601e+02
-4.758408907689459397e+02
-4.738582203907420194e+02
-4.718755500125380422e+02
-4.698928796343341219e+02
-4.679102092561301447e+02
-4.659275388779262244e+02
-4.639448684997223040e+02
-4.619621981215183268e+02
-4.599795277433144065e+02
-4.579968573651104862e+02
-4.560141869869065090e+02
-4.540315166087025887e+02
-4.520488462304986115e+02
-4.500661758522946911e+02
-4.480835054740907708e+02
-4.461008350958867936e+02
-4.441181647176828733e+02
-4.421354943394789530e+02
-4.401528239612749758e+02
-4.381701535830710554e+02
-4.361874832048671351e+02
-4.342048128266631579e+02
-4.322221424484592376e+02
-4.302394720702552604e+02
-4.282568016920513401e+02
-4.262741313138474197e+02
-4.242914609356434426e+02
-4.223087905574395222e+02
-4.203261201792356019e+02
-4.183434498010316247e+02
-4.163607794228277044e+02
-4.143781090446237272e+02
-4.123954386664198069e+02
-4.104127682882158865e+02
-4.084300979100119093e+02
-4.064474275318079890e+02
-4.044647571536040687e+02
-4.024820867754000915e+02
-4.004994163971961711e+02
-3.985167460189921940e+02
-3.965340756407882736e+02
-3.945514052625843533e+02
-3.925687348843803761e+02
-3.905860645061764558e+02
-3.886033941279725354e+02
-3.866207237497685583e+02
-3.846380533715646379e+02
-3.826553829933607176e+02
-3.806727126151567404e+02
-3.786900422369528201e+02
-3.767073718587488429e+02
-3.747247014805449226e+02
-3.727420311023410022e+02
-3.707593607241370250e+02
-3.687766903459331047e+02
-3.667940199677291844e+02
-3.648113495895252072e+02
-3.628286792113212869e+02
-3.608460088331173097e+02
-3.588633384549133893e+02
-3.568806680767094690e+02
-3.548979976985054918e+02
-3.529153273203015715e+02
-3.509326569420976512e+02
-3.489499865638936740e+02
-3.469673161856897536e+02
-3.449846458074857765e+02
-3.430019754292818561e+02
-3.410193050510779358e+02
-3.390366346728739586e+02
-3.370539642946700383e+02
-3.350712939164661179e+02
-3.330886235382621408e+02
-3.311059531600582204e+02
-3.291232827818543001e+02
-3.271406124036503229e+02
-3.251579420254464026e+02
-3.231752716472424254e+02
-3.211926012690385051e+02
-3.192099308908345847e+02
-3.172272605126306075e+02
-3.152445901344266872e+02
-3.132619197562227669e+02
-3.112792493780187897e+02
-3.092965789998148693e+02
-3.073139086216108922e+02
-3.053312382434069718e+02
-3.033485678652030515e+02
-3.013658974869990743e+02
-2.993832271087951540e+02
-2.974005567305912336e+02
-2.954178863523872565e+02
-2.934352159741833361e+02
-2.914525455959793589e+02
-2.894698752177754386e+02
-2.874872048395715183e+02
-2.855045344613675411e+02
-2.835218640831636208e+02
-2.815391937049597004e+02
-2.795565233267557232e+02
-2.775738529485518029e+02
-2.755911825703478826e+02
-2.736085121921439054e+02
-2.716258418139399851e+02
-2.696431714357360079e+02
-2.676605010575320875e+02
-2.656778306793281672e+02
-2.636951603011241900e+02
-2.617124899229202697e+02
-2.597298195447163494e+02
-2.577471491665123722e+02
-2.557644787883084518e+02
-2.537818084101045031e+02
-2.517991380319005543e+02
-2.498164676536966056e+02
-2.478337972754926852e+02
-2.458511268972887365e+02
-2.438684565190847877e+02
-2.418857861408808390e+02
-2.399031157626769186e+02
-2.379204453844729699e+02
-2.359377750062690211e+02
-2.339551046280650723e+02
-2.319724342498611520e+02
-2.299897638716572033e+02
-2.280070934934532545e+02
-2.260244231152493057e+02
-2.240417527370453854e+02
-2.220590823588414366e+02
-2.200764119806374879e+02
-2.180937416024335676e+02
-2.161110712242296188e+02
-2.141284008460256700e+02
-2.121457304678217213e+02
-2.101630600896178009e+02
-2.081803897114138522e+02
-2.061977193332099034e+02
-2.042150489550059547e+02
-2.022323785768020343e+02
-2.002497081985980856e+02
-1.982670378203941368e+02
-1.962843674421901881e+02
-1.943016970639862677e+02
-1.923190266857823190e+02
-1.903363563075783702e+02
-1.883536859293744214e+02
-1.863710155511705011e+02
-1.843883451729665524e+02
-1.824056747947626036e+02
-1.804230044165586548e+02
-1.784403340383547345e+02
-1.764576636601507857e+02
-1.744749932819468370e+02
-1.724923229037428882e+02
-1.705096525255389679e+02
-1.685269821473350191e+02
-1.665443117691310704e+02
-1.645616413909271500e+02
-1.625789710127232013e+02
-1.605963006345192525e+02
-1.586136302563153038e+02
-1.566309598781113834e+02
-1.546482894999074347e+02
-1.526656191217034859e+02
-1.506829487434995372e+02
-1.487002783652956168e+02
-1.467176079870916681e+02
-1.447349376088877193e+02
-1.427522672306837705e+02
-1.407695968524798502e+02
-1.387869264742759015e+02
-1.368042560960719527e+02
-1.348215857178680039e+02
-1.328389153396640836e+02
-1.308562449614601348e+02
-1.288735745832561861e+02
-1.268909042050522515e+02
-1.249082338268483028e+02
-1.229255634486443682e+02
-1.209428930704404195e+02
-1.189602226922364849e+02
-1.169775523140325362e+02
-1.149948819358286016e+02
-1.130122115576246529e+02
-1.110295411794207183e+02
-1.090468708012167838e+02
-1.070642004230128350e+02
-1.050815300448089005e+02
-1.030988596666049517e+02
-1.011161892884010172e+02
-9.913351891019706841e+01
-9.715084853199313386e+01
-9.516817815378918510e+01
-9.318550777558525056e+01
-9.120283739738130180e+01
-8.922016701917736725e+01
-8.723749664097341849e+01
-8.525482626276948395e+01
-8.327215588456553519e+01
-8.128948550636160064e+01
-7.930681512815765188e+01
-7.732414474995371734e+01
-7.534147437174976858e+01
-7.335880399354583403e+01
-7.137613361534188527e+01
-6.939346323713795073e+01
-6.741079285893400197e+01
-6.542812248073006742e+01
-6.344545210252612577e+01
-6.146278172432218412e+01
-5.948011134611824247e+01
-5.749744096791430081e+01
-5.551477058971035916e+01
-5.353210021150641751e+01
-5.154942983330247586e+01
-4.956675945509853420e+01
-4.758408907689459255e+01
-4.560141869869065090e+01
-4.361874832048670925e+01
-4.163607794228276759e+01
-3.965340756407882594e+01
-3.767073718587488429e+01
-3.568806680767094264e+01
-3.370539642946700098e+01
-3.172272605126306289e+01
-2.974005567305912123e+01
-2.775738529485517958e+01
-2.577471491665123793e+01
-2.379204453844729628e+01
-2.180937416024335462e+01
-1.982670378203941297e+01
-1.784403340383547132e+01
-1.586136302563153144e+01
-1.387869264742758979e+01
-1.189602226922364814e+01
-9.913351891019706486e+00
-7.930681512815765721e+00
-5.948011134611824069e+00
-3.965340756407882861e+00
-1.982670378203941430e+00
-0.000000000000000000e+00
